At time 1697473310.208993875
- Translation: [1.656, -0.311, 0.000]
- Rotation: in Quaternion [0.000, 0.000, -0.042, 0.999]
- Rotation: in RPY (radian) [0.000, 0.000, -0.085]
- Rotation: in RPY (degree) [0.000, 0.000, -4.846]
- Matrix:
  0.996  0.084  0.000  1.656
 -0.084  0.996 -0.000 -0.311
 -0.000  0.000  1.000  0.000
  0.000  0.000  0.000  1.000
At time 1697473311.201761396
- Translation: [0.855, -0.078, 0.000]
- Rotation: in Quaternion [0.000, 0.000, 0.050, 0.999]
- Rotation: in RPY (radian) [0.000, -0.000, 0.099]
- Rotation: in RPY (degree) [0.000, -0.000, 5.686]
- Matrix:
  0.995 -0.099  0.000  0.855
  0.099  0.995  0.000 -0.078
  0.000  0.000  1.000  0.000
  0.000  0.000  0.000  1.000
At time 1697473312.209895433
- Translation: [0.426, -0.019, 0.000]
- Rotation: in Quaternion [0.000, 0.000, 0.095, 0.995]
- Rotation: in RPY (radian) [0.000, -0.000, 0.191]
- Rotation: in RPY (degree) [0.000, -0.000, 10.925]
- Matrix:
  0.982 -0.190  0.000  0.426
  0.190  0.982  0.000 -0.019
  0.000  0.000  1.000  0.000
  0.000  0.000  0.000  1.000
At time 1697473313.201250780
- Translation: [0.215, -0.005, 0.000]
- Rotation: in Quaternion [0.000, 0.000, 0.117, 0.993]
- Rotation: in RPY (radian) [0.000, -0.000, 0.234]
- Rotation: in RPY (degree) [0.000, -0.000, 13.432]
- Matrix:
  0.973 -0.232  0.000  0.215
  0.232  0.973  0.000 -0.005
  0.000  0.000  1.000  0.000
  0.000  0.000  0.000  1.000
At time 1697473314.209362248
- Translation: [0.107, -0.001, 0.000]
- Rotation: in Quaternion [0.000, 0.000, -0.418, 0.908]
- Rotation: in RPY (radian) [0.000, 0.000, -0.864]
- Rotation: in RPY (degree) [0.000, 0.000, -49.476]
- Matrix:
  0.650  0.760  0.000  0.107
 -0.760  0.650 -0.000 -0.001
 -0.000  0.000  1.000  0.000
  0.000  0.000  0.000  1.000
At time 1697473315.201727031
- Translation: [1.197, -1.168, 0.000]
- Rotation: in Quaternion [0.000, 0.000, -0.382, 0.924]
- Rotation: in RPY (radian) [0.000, 0.000, -0.783]
- Rotation: in RPY (degree) [0.000, 0.000, -44.890]
- Matrix:
  0.708  0.706  0.000  1.197
 -0.706  0.708 -0.000 -1.168
 -0.000  0.000  1.000  0.000
  0.000  0.000  0.000  1.000
At time 1697473316.209073211
- Translation: [2.048, -0.664, 0.000]
- Rotation: in Quaternion [0.000, 0.000, -0.386, 0.923]
- Rotation: in RPY (radian) [0.000, 0.000, -0.792]
- Rotation: in RPY (degree) [0.000, 0.000, -45.388]
- Matrix:
  0.702  0.712  0.000  2.048
 -0.712  0.702 -0.000 -0.664
 -0.000  0.000  1.000  0.000
  0.000  0.000  0.000  1.000
At time 1697473317.201299245
- Translation: [2.310, -0.980, 0.000]
- Rotation: in Quaternion [0.000, 0.000, -0.419, 0.908]
- Rotation: in RPY (radian) [0.000, 0.000, -0.865]
- Rotation: in RPY (degree) [0.000, 0.000, -49.535]
- Matrix:
  0.649  0.761  0.000  2.310
 -0.761  0.649 -0.000 -0.980
 -0.000  0.000  1.000  0.000
  0.000  0.000  0.000  1.000
At time 1697473318.208955333
- Translation: [2.537, -1.314, 0.000]
- Rotation: in Quaternion [0.000, 0.000, -0.420, 0.907]
- Rotation: in RPY (radian) [0.000, 0.000, -0.867]
- Rotation: in RPY (degree) [0.000, 0.000, -49.700]
- Matrix:
  0.647  0.763  0.000  2.537
 -0.763  0.647 -0.000 -1.314
 -0.000  0.000  1.000  0.000
  0.000  0.000  0.000  1.000
At time 1697473319.201213264
- Translation: [2.490, -1.232, 0.000]
- Rotation: in Quaternion [0.000, 0.000, -0.494, 0.870]
- Rotation: in RPY (radian) [0.000, 0.000, -1.033]
- Rotation: in RPY (degree) [0.000, 0.000, -59.163]
- Matrix:
  0.513  0.859  0.000  2.490
 -0.859  0.513 -0.000 -1.232
 -0.000  0.000  1.000  0.000
  0.000  0.000  0.000  1.000
At time 1697473320.209569522
- Translation: [2.782, -1.211, 0.000]
- Rotation: in Quaternion [0.000, 0.000, -0.275, 0.961]
- Rotation: in RPY (radian) [0.000, 0.000, -0.557]
- Rotation: in RPY (degree) [0.000, 0.000, -31.907]
- Matrix:
  0.849  0.529  0.000  2.782
 -0.529  0.849 -0.000 -1.211
 -0.000  0.000  1.000  0.000
  0.000  0.000  0.000  1.000
At time 1697473321.201688861
- Translation: [1.675, -0.315, 0.000]
- Rotation: in Quaternion [0.000, 0.000, -0.084, 0.996]
- Rotation: in RPY (radian) [0.000, 0.000, -0.168]
- Rotation: in RPY (degree) [0.000, 0.000, -9.619]
- Matrix:
  0.986  0.167  0.000  1.675
 -0.167  0.986 -0.000 -0.315
 -0.000  0.000  1.000  0.000
  0.000  0.000  0.000  1.000
At time 1697473322.209481442
- Translation: [0.851, -0.076, 0.000]
- Rotation: in Quaternion [0.000, 0.000, 0.010, 1.000]
- Rotation: in RPY (radian) [0.000, -0.000, 0.019]
- Rotation: in RPY (degree) [0.000, -0.000, 1.097]
- Matrix:
  1.000 -0.019  0.000  0.851
  0.019  1.000  0.000 -0.076
  0.000  0.000  1.000  0.000
  0.000  0.000  0.000  1.000
At time 1697473323.201099805
- Translation: [0.431, -0.019, 0.000]
- Rotation: in Quaternion [0.000, 0.000, 0.054, 0.999]
- Rotation: in RPY (radian) [0.000, -0.000, 0.108]
- Rotation: in RPY (degree) [0.000, -0.000, 6.170]
- Matrix:
  0.994 -0.107  0.000  0.431
  0.107  0.994  0.000 -0.019
  0.000  0.000  1.000  0.000
  0.000  0.000  0.000  1.000
At time 1697473324.209324151
- Translation: [0.214, -0.005, 0.000]
- Rotation: in Quaternion [0.000, 0.000, 0.076, 0.997]
- Rotation: in RPY (radian) [0.000, -0.000, 0.152]
- Rotation: in RPY (degree) [0.000, -0.000, 8.720]
- Matrix:
  0.988 -0.152  0.000  0.214
  0.152  0.988  0.000 -0.005
  0.000  0.000  1.000  0.000
  0.000  0.000  0.000  1.000
At time 1697473325.200869707
- Translation: [0.108, -0.001, 0.000]
- Rotation: in Quaternion [0.000, 0.000, 0.087, 0.996]
- Rotation: in RPY (radian) [0.000, -0.000, 0.174]
- Rotation: in RPY (degree) [0.000, -0.000, 9.943]
- Matrix:
  0.985 -0.173  0.000  0.108
  0.173  0.985  0.000 -0.001
  0.000  0.000  1.000  0.000
  0.000  0.000  0.000  1.000
